Date,Total Cases,Daily New Cases,Active Cases,Total Deaths,Daily New Deaths
Feb 15,2,null,0,0,0
Feb 16,2,0,0,0,0
Feb 17,2,0,0,0,0
Feb 18,2,0,0,0,0
Feb 19,2,0,0,0,0
Feb 20,2,0,0,0,0
Feb 21,2,0,0,0,0
Feb 22,2,0,0,0,0
Feb 23,2,0,0,0,0
Feb 24,3,1,1,0,0
Feb 25,9,6,7,0,0
Feb 26,13,4,11,0,0
Feb 27,25,12,23,0,0
Feb 28,33,8,31,0,0
Feb 29,58,25,56,0,0
Mar 01,84,26,82,0,0
Mar 02,120,36,118,0,0
Mar 03,165,45,162,1,1
Mar 04,228,63,224,2,1
Mar 05,282,54,276,3,1
Mar 06,401,119,387,8,5
Mar 07,525,124,485,10,2
Mar 08,674,149,625,17,7
Mar 09,1231,557,1169,30,13
Mar 10,1695,464,1524,36,6
Mar 11,2277,582,2039,55,19
Mar 12,3146,869,2871,86,31
Mar 13,5232,2086,4906,133,47
Mar 14,6391,1159,5678,196,63
Mar 15,7988,1597,7177,294,98
Mar 16,9942,1954,9070,342,48
Mar 17,11826,1884,10265,533,191
Mar 18,14769,2943,13050,638,105
Mar 19,18077,3308,16139,831,193
Mar 20,21571,3494,18890,1093,262
Mar 21,25496,3925,21990,1381,288
Mar 22,28768,3272,24421,1772,391
Mar 23,35136,6368,29470,2311,539
Mar 24,42058,6922,35273,2991,680
Mar 25,49515,7457,40501,3647,656
Mar 26,57786,8271,46406,4365,718
